0 1
0 15
0 27
0 38
0 43
0 50
0 53
0 54
1 5
1 14
1 21
1 24
1 31
1 33
1 39
1 54
2 22
2 7
2 36
2 12
2 33
2 41
2 43
2 18
3 28
3 2
3 55
3 56
3 47
3 36
3 54
3 10
4 45
4 32
4 3
4 27
4 17
4 56
4 33
4 35
5 48
5 9
5 26
5 10
5 43
5 29
5 45
5 5
6 0
6 1
6 2
6 3
6 4
6 5
6 6
6 7
7 7
7 16
7 25
7 31
7 53
7 8
7 47
7 45
8 42
8 32
8 16
8 39
8 18
8 1
8 29
8 55
9 40
9 6
9 42
9 54
9 13
9 22
9 51
9 45
10 12
10 42
10 44
10 2
10 37
10 27
10 9
10 31
11 10
11 33
11 37
11 49
11 25
11 52
11 13
11 1
12 11
12 46
12 1
12 21
12 36
12 45
12 20
12 44
13 16
13 3
13 26
13 54
13 30
13 41
13 44
13 49
14 0
14 33
14 9
14 50
14 51
14 20
14 16
14 28
15 34
15 1
15 26
15 14
15 12
15 51
15 56
15 8
16 23
16 53
16 34
16 48
16 33
16 6
16 55
16 44
17 40
17 4
17 52
17 27
17 14
17 48
17 36
17 16
18 17
18 15
18 10
18 12
18 6
18 21
18 19
18 16
19 19
19 25
19 39
19 43
19 0
19 56
19 44
19 40
